X=[[0.17647059 0.43225806 0.47540984 0.26086957 0.05200946 0.23108384
  0.15029889 0.01666667]], prediction=[[0]], actual=0

X=[[0.05882353 0.36129032 0.55737705 0.30434783 0.12411348 0.28220859
  0.13279249 0.01666667]], prediction=[[0]], actual=0

X=[[0.41176471 0.86451613 0.68852459 0.27173913 0.12411348 0.44376278
  0.10802733 0.33333333]], prediction=[[0]], actual=1

X=[[0.05882353 0.35483871 0.59016393 0.25       0.0212766  0.41717791
  0.14261315 0.        ]], prediction=[[0]], actual=0

X=[[0.29411765 0.32903226 0.59016393 0.2826087  0.12411348 0.39877301
  0.12467976 0.1       ]], prediction=[[0]], actual=0

